69
5 3 4
5 4 3
7 1 1
1 1000 1000
1 1 1000
1 1000 1
1 1000 999
500 300 400
500 400 300
10 5 5
10 6 6
1 2 2
2 1 2
2 2 1
2 1 1
1 2 1
1 1 2
5 1 1
1 5 1
1 1 5
5 2 2
2 5 2
2 2 5
5 3 2
2 5 3
3 2 5
5 2 3
3 5 2
2 3 5
6 3 3
3 6 3
3 3 6
6 4 4
6 5 5
8 5 5
1000 1000 1000
1000 501 501
1000 999 2
1000 2 999
1000 1 1
1000 999 999
999 999 999
999 1000 1000
600 500 500
800 500 500
999 500 500
999 49 972
923 486 627
768 983 634
4 3 5
40 30 50
400 300 500
4 5 3
40 50 30
400 500 300
800 600 1000
800 1000 600
600 800 1000
800 600 1000
2 1000 999
2 999 1000
4 6 4
4 4 6
4 3 6
4 6 3
49 1000 999
49 999 1000
8 7 10
7 8 10
