35
3
1 1 1
4
1 4 2 3
4
1 2 1 2
4
1 1000 1 1000
3
1000 1000 1000
8
1 1 1 1 1 1 1 1
8
1 2 3 4 5 6 7 8
8
8 7 6 5 4 3 2 1
8
2 4 8 16 32 64 128 256
8
2 4 9 16 32 64 128 256
8
2 4 9 16 31 74 228 256
8
2 4 9 16 32 64 128 956
8
1 1 1 2 2 1 1 1
8
1000 1 1000 1 1 1000 1 1000
8
1000 1000 1000 1000 1000 1000 1000 1000
7
59 917 311 598 969 308 729
5
581 939 308 352 811
7
261 410 831 855 853 581 503
3
953 623 995
3
366 692 856
5
134 95 477 820 948
7
421 305 241 790 605 821 308
3
672 838 25
6
187 429 350 502 496 836
7
56 154 141 493 278 868 736
5
463 788 418 2 882
7
289 683 382 265 111 898 229
3
391 217 187
6
298 241 32 742 425 628
6
568 546 833 457 816 763
5
823 72 870 649 669
8
316 999 147 400 912 545 113 445
4
835 671 650 103
3
601 616 463
6
661 590 829 224 552 646
